23 0.30078125 0.5578125 0.2046875 0.2875
23 0.5171875 0.296875 0.19375 0.246875
23 0.6546875 0.2921875 0.1515625 0.26875
23 0.7515625 0.3015625 0.14375 0.25625
23 0.4328125 0.553125 0.1734375 0.275
23 0.55859375 0.5484375 0.15 0.2625
23 0.65859375 0.5421875 0.13125 0.2453125
23 0.74765625 0.540625 0.1203125 0.2453125
23 0.55078125 0.80859375 0.2453125 0.2953125
23 0.703125 0.7953125 0.1296875 0.2875
23 0.80390625 0.7765625 0.1515625 0.2890625
23 0.34140625 0.81484375 0.1703125 0.2359375
23 0.3890625 0.09375 0.175 0.159375