23 0.4421875 0.30078125 0.2875 0.2046875
23 0.703125 0.5171875 0.246875 0.19375
23 0.7078125 0.6546875 0.26875 0.1515625
23 0.6984375 0.7515625 0.25625 0.14375
23 0.446875 0.4328125 0.275 0.1734375
23 0.4515625 0.55859375 0.2625 0.15
23 0.4578125 0.65859375 0.2453125 0.13125
23 0.459375 0.74765625 0.2453125 0.1203125
23 0.19140625 0.55078125 0.2953125 0.2453125
23 0.2046875 0.703125 0.2875 0.1296875
23 0.2234375 0.80390625 0.2875 0.1515625
23 0.18515625 0.34140625 0.2359375 0.1703125
23 0.90625 0.3890625 0.159375 0.175