11 0.78359375 0.36328125 0.1515625 0.3703125
11 0.6625 0.36328125 0.1390625 0.34609375
11 0.540625 0.3578125 0.146875 0.34375
11 0.4171875 0.3328125 0.1515625 0.3609375
11 0.30078125 0.32109375 0.14921875 0.35546875
11 0.1875 0.303125 0.1390625 0.36796875
11 0.23203125 0.6859375 0.13203125 0.1921875
11 0.3390625 0.69921875 0.115625 0.1921875
11 0.509375 0.73046875 0.134375 0.1734375
11 0.6234375 0.734375 0.10546875 0.1921875
11 0.728125 0.7484375 0.1109375 0.1921875
11 0.8265625 0.7671875 0.10078125 0.2015625