11 0.18046875 0.515625 0.15625 0.20703125
11 0.2984375 0.5140625 0.1296875 0.19921875
11 0.40859375 0.50625 0.13671875 0.18984375
11 0.5375 0.49609375 0.1203125 0.196875
11 0.63671875 0.5046875 0.13203125 0.21875
11 0.75390625 0.49296875 0.146875 0.228125
11 0.22578125 0.84375 0.125 0.18984375
11 0.3328125 0.85546875 0.1296875 0.2015625
11 0.5328125 0.88359375 0.1390625 0.21875
11 0.65234375 0.88125 0.134375 0.2015625
11 0.13203125 0.140625 0.146875 0.19453125
11 0.4546875 0.11328125 0.16328125 0.178125