11 0.24375 0.5171875 0.1734375 0.2015625
11 0.359375 0.5015625 0.14921875 0.19453125
11 0.46640625 0.48046875 0.15625 0.18515625
11 0.58984375 0.4546875 0.1390625 0.19453125
11 0.68984375 0.45078125 0.15390625 0.2140625
11 0.803125 0.42578125 0.16796875 0.22109375
11 0.3453125 0.8375 0.1421875 0.18515625
11 0.453125 0.83671875 0.14921875 0.196875
11 0.65390625 0.83984375 0.1609375 0.2140625
11 0.7703125 0.82421875 0.15390625 0.19921875
11 0.13203125 0.15 0.165625 0.18984375
11 0.44375 0.08671875 0.18046875 0.1734375