17 0.27265625 0.6609375 0.2640625 0.16796875
17 0.446875 0.678125 0.21875 0.18984375
17 0.64453125 0.69375 0.196875 0.19921875
17 0.84765625 0.7203125 0.2234375 0.23828125
17 0.2765625 0.4890625 0.2546875 0.1609375
17 0.4484375 0.49375 0.240625 0.165625
17 0.64453125 0.50390625 0.2046875 0.16796875
17 0.2796875 0.321875 0.259375 0.1921875
17 0.453125 0.31953125 0.240625 0.18515625
17 0.646875 0.3140625 0.19921875 0.209375
17 0.84140625 0.3015625 0.1921875 0.24765625
17 0.8546875 0.51796875 0.20703125 0.1828125